Coxeter group: D11
Modulus: 3
Remainder: 2
Total: 40874803200

[1032, 32160, 260636, 1663836, 5868044, 17329918, 45848864, 102660622, 206318742, 375923742, 628200384, 973692404, 1428265532, 1945042132, 2498555708, 3023910632, 3469925626, 3769196586, 3889410000, 3769196586, 3469925626, 3023910632, 2498555708, 1945042132, 1428265532, 973692404, 628200384, 375923742, 206318742, 102660622, 45848864, 17329918, 5868044, 1663836, 260636, 32160, 1032]

1032
32160
260636
1663836
5868044
17329918
45848864
102660622
206318742
375923742
628200384
973692404
1428265532
1945042132
2498555708
3023910632
3469925626
3769196586
3889410000
3769196586
3469925626
3023910632
2498555708
1945042132
1428265532
973692404
628200384
375923742
206318742
102660622
45848864
17329918
5868044
1663836
260636
32160
1032
