Coxeter group: B9
Modulus: 2
Remainder: 1
Total: 185794560

[1, 31, 351, 1986, 8494, 25025, 66836, 153295, 308066, 559876, 989001, 1552734, 2261174, 3227833, 4338023, 5611753, 6953616, 8358201, 9758875, 10968189, 11994272, 12655795, 13103853, 13103853, 12655795, 11994272, 10968189, 9758875, 8358201, 6953616, 5611753, 4338023, 3227833, 2261174, 1552734, 989001, 559876, 308066, 153295, 66836, 25025, 8494, 1986, 351, 31, 1

1
31
351
1986
8494
25025
66836
153295
308066
559876
989001
1552734
2261174
3227833
4338023
5611753
6953616
8358201
9758875
10968189
11994272
12655795
13103853
13103853
12655795
11994272
10968189
9758875
8358201
6953616
5611753
4338023
3227833
2261174
1552734
989001
559876
308066
153295
66836
25025
8494
1986
351
31
1
