Coxeter group: B8
Modulus: 2
Remainder: 1
Total: 10321920

[1, 27, 253, 1168, 4466, 11043, 25380, 50151, 88018, 142191, 220588, 309201, 401116, 517149, 621804, 712313, 786655, 837237, 864398, 837237, 786655, 712313, 621804, 517149, 401116, 309201, 220588, 142191, 88018, 50151, 25380, 11043, 4466, 1168, 253, 27, 1]

1
27
253
1168
4466
11043
25380
50151
88018
142191
220588
309201
401116
517149
621804
712313
786655
837237
864398
837237
786655
712313
621804
517149
401116
309201
220588
142191
88018
50151
25380
11043
4466
1168
253
27
1
