Coxeter group: B13
Modulus: 2
Remainder: 1
Total: 51011754393600

[1, 47, 903, 9418, 63910, 331181, 1342684, 4702507, 13990610, 37662502, 91188570, 205820090, 432752201, 860609690, 1612899907, 2896263793, 4995909579, 8288437323, 13268499441, 20593556430, 31006329036, 45624700937, 65134658706, 90603644519, 123713194495, 165062972257, 216144171801, 277788220584, 350890847033, 435929158817, 533040567405, 642100498344, 762020390076, 892132035326, 1029894453090, 1173882995816, 1320465385644, 1467025242939, 1609666944073, 1744769581572, 1869582882875, 1979346435295, 2072158621013, 2143700517770, 2193024167985, 2217864538605, 2217864538605, 2193024167985, 2143700517770, 2072158621013, 1979346435295, 1869582882875, 1744769581572, 1609666944073, 1467025242939, 1320465385644, 1173882995816, 1029894453090, 892132035326, 762020390076, 642100498344, 533040567405, 435929158817, 350890847033, 277788220584, 216144171801, 165062972257, 123713194495, 90603644519, 65134658706, 45624700937, 31006329036, 20593556430, 13268499441, 8288437323, 4995909579, 2896263793, 1612899907, 860609690, 432752201, 205820090, 91188570, 37662502, 13990610, 4702507, 1342684, 331181, 63910, 9418, 903, 47, 1]

1
47
903
9418
63910
331181
1342684
4702507
13990610
37662502
91188570
205820090
432752201
860609690
1612899907
2896263793
4995909579
8288437323
13268499441
20593556430
31006329036
45624700937
65134658706
90603644519
123713194495
165062972257
216144171801
277788220584
350890847033
435929158817
533040567405
642100498344
762020390076
892132035326
1029894453090
1173882995816
1320465385644
1467025242939
1609666944073
1744769581572
1869582882875
1979346435295
2072158621013
2143700517770
2193024167985
2217864538605
2217864538605
2193024167985
2143700517770
2072158621013
1979346435295
1869582882875
1744769581572
1609666944073
1467025242939
1320465385644
1173882995816
1029894453090
892132035326
762020390076
642100498344
533040567405
435929158817
350890847033
277788220584
216144171801
165062972257
123713194495
90603644519
65134658706
45624700937
31006329036
20593556430
13268499441
8288437323
4995909579
2896263793
1612899907
860609690
432752201
205820090
91188570
37662502
13990610
4702507
1342684
331181
63910
9418
903
47
1
