Coxeter group: B9
Modulus: 3
Remainder: 2
Total: 185794560

[378, 6537, 34886, 145528, 442052, 1042720, 2065385, 3852431, 6101090, 8726193, 11619238, 14419134, 16744432, 18291681, 18811190, 18291681, 16744432, 14419134, 11619238, 8726193, 6101090, 3852431, 2065385, 1042720, 442052, 145528, 34886, 6537, 378]

378
6537
34886
145528
442052
1042720
2065385
3852431
6101090
8726193
11619238
14419134
16744432
18291681
18811190
18291681
16744432
14419134
11619238
8726193
6101090
3852431
2065385
1042720
442052
145528
34886
6537
378
