Coxeter group: B10
Modulus: 3
Remainder: 2
Total: 3715891200

[657, 16437, 93493, 436688, 1476897, 3922190, 8821603, 17668729, 32106143, 53548723, 82808547, 120402507, 164737923, 213503091, 262217315, 303011108, 333348514, 346667496, 342493411, 319710246, 283675487, 238719246, 188556411, 142295369, 100733292, 67103430, 41640664, 23984880, 12499439, 6021875, 2507409, 887204, 223568, 46184, 4827, 197]

657
16437
93493
436688
1476897
3922190
8821603
17668729
32106143
53548723
82808547
120402507
164737923
213503091
262217315
303011108
333348514
346667496
342493411
319710246
283675487
238719246
188556411
142295369
100733292
67103430
41640664
23984880
12499439
6021875
2507409
887204
223568
46184
4827
197
