type: A
n: 16
k: 3
total: 355687428096000

[1, 178, 12110, 373023, 5124185, 47462044, 276053418, 1299062958, 4964225791, 16456549129, 47221946274, 121003428737, 279278934838, 588702749320, 1142833938276, 2061412273273, 3471997336761, 5485481596536, 8163180180534, 11481091000315, 15303750912142, 19377601199396, 23349528756226, 26814236511132, 29382447368652, 30750897052751, 30750897052751, 29382447368652, 26814236511132, 23349528756226, 19377601199396, 15303750912142, 11481091000315, 8163180180534, 5485481596536, 3471997336761, 2061412273273, 1142833938276, 588702749320, 279278934838, 121003428737, 47221946274, 16456549129, 4964225791, 1299062958, 276053418, 47462044, 5124185, 373023, 12110, 178, 1]

1
178
12110
373023
5124185
47462044
276053418
1299062958
4964225791
16456549129
47221946274
121003428737
279278934838
588702749320
1142833938276
2061412273273
3471997336761
5485481596536
8163180180534
11481091000315
15303750912142
19377601199396
23349528756226
26814236511132
29382447368652
30750897052751
30750897052751
29382447368652
26814236511132
23349528756226
19377601199396
15303750912142
11481091000315
8163180180534
5485481596536
3471997336761
2061412273273
1142833938276
588702749320
279278934838
121003428737
47221946274
16456549129
4964225791
1299062958
276053418
47462044
5124185
373023
12110
178
1
