Coxeter group: D10
Modulus: 3
Remainder: 1
Total: 1857945600

[2, 244, 8150, 55152, 259058, 929946, 2796512, 6728918, 14123578, 27058894, 45948886, 70642048, 99776786, 130368026, 158537768, 180225350, 191513482, 191513482, 180225350, 158537768, 130368026, 99776786, 70642048, 45948886, 27058894, 14123578, 6728918, 2796512, 929946, 259058, 55152, 8150, 244, 2]

2
244
8150
55152
259058
929946
2796512
6728918
14123578
27058894
45948886
70642048
99776786
130368026
158537768
180225350
191513482
191513482
180225350
158537768
130368026
99776786
70642048
45948886
27058894
14123578
6728918
2796512
929946
259058
55152
8150
244
2
