Coxeter group: D11
Modulus: 3
Remainder: 1
Total: 40874803200

[1, 156, 8452, 80640, 653640, 2944736, 9360962, 24558390, 56326726, 119881799, 225728994, 386429937, 617621207, 928999719, 1314498038, 1758860939, 2234494942, 2699150100, 3102497905, 3399677279, 3555627038, 3555627038, 3399677279, 3102497905, 2699150100, 2234494942, 1758860939, 1314498038, 928999719, 617621207, 386429937, 225728994, 119881799, 56326726, 24558390, 9360962, 2944736, 653640, 80640, 8452, 156, 1]

1
156
8452
80640
653640
2944736
9360962
24558390
56326726
119881799
225728994
386429937
617621207
928999719
1314498038
1758860939
2234494942
2699150100
3102497905
3399677279
3555627038
3555627038
3399677279
3102497905
2699150100
2234494942
1758860939
1314498038
928999719
617621207
386429937
225728994
119881799
56326726
24558390
9360962
2944736
653640
80640
8452
156
1
