Coxeter group: D9
Modulus: 2
Remainder: 1
Total: 92897280

[1, 34, 398, 2170, 9911, 24948, 73892, 148792, 319795, 534758, 1034454, 1384762, 2224944, 2752614, 3901050, 4403418, 5755692, 5942246, 7148158, 6924658, 7723890, 6924658, 7148158, 5942246, 5755692, 4403418, 3901050, 2752614, 2224944, 1384762, 1034454, 534758, 319795, 148792, 73892, 24948, 9911, 2170, 398, 34, 1]

1
34
398
2170
9911
24948
73892
148792
319795
534758
1034454
1384762
2224944
2752614
3901050
4403418
5755692
5942246
7148158
6924658
7723890
6924658
7148158
5942246
5755692
4403418
3901050
2752614
2224944
1384762
1034454
534758
319795
148792
73892
24948
9911
2170
398
34
1
