Coxeter group: A12
Modulus: 2
Remainder: 1
Total: 6227020800

[1, 44, 773, 7136, 41995, 189532, 644400, 1950708, 4797444, 11009044, 21371677, 40427016, 67176502, 109067416, 158426584, 227994816, 296523080, 380494144, 444961297, 515222884, 544667447, 577072920, 544667447, 515222884, 444961297, 380494144, 296523080, 227994816, 158426584, 109067416, 67176502, 40427016, 21371677, 11009044, 4797444, 1950708, 644400, 189532, 41995, 7136, 773, 44, 1]

1
44
773
7136
41995
189532
644400
1950708
4797444
11009044
21371677
40427016
67176502
109067416
158426584
227994816
296523080
380494144
444961297
515222884
544667447
577072920
544667447
515222884
444961297
380494144
296523080
227994816
158426584
109067416
67176502
40427016
21371677
11009044
4797444
1950708
644400
189532
41995
7136
773
44
1
