Coxeter group: B12
Modulus: 2
Remainder: 1
Total: 1961990553600

[1, 43, 741, 6808, 41086, 192555, 694864, 2219979, 6056222, 15185720, 33674122, 70406844, 136339873, 250281961, 437182116, 733049056, 1179731567, 1831219597, 2747422250, 3993372240, 5647957911, 7805995653, 10485143454, 13732462437, 17672764235, 22226688728, 27440675196, 33246355444, 39550881517, 46307237980, 53298083076, 60372102788, 67294460220, 73953609999, 79992215503, 85306988776, 89688106745, 92888361012, 94886207701, 95523801560, 94886207701, 92888361012, 89688106745, 85306988776, 79992215503, 73953609999, 67294460220, 60372102788, 53298083076, 46307237980, 39550881517, 33246355444, 27440675196, 22226688728, 17672764235, 13732462437, 10485143454, 7805995653, 5647957911, 3993372240, 2747422250, 1831219597, 1179731567, 733049056, 437182116, 250281961, 136339873, 70406844, 33674122, 15185720, 6056222, 2219979, 694864, 192555, 41086, 6808, 741, 43, 1]

1
43
741
6808
41086
192555
694864
2219979
6056222
15185720
33674122
70406844
136339873
250281961
437182116
733049056
1179731567
1831219597
2747422250
3993372240
5647957911
7805995653
10485143454
13732462437
17672764235
22226688728
27440675196
33246355444
39550881517
46307237980
53298083076
60372102788
67294460220
73953609999
79992215503
85306988776
89688106745
92888361012
94886207701
95523801560
94886207701
92888361012
89688106745
85306988776
79992215503
73953609999
67294460220
60372102788
53298083076
46307237980
39550881517
33246355444
27440675196
22226688728
17672764235
13732462437
10485143454
7805995653
5647957911
3993372240
2747422250
1831219597
1179731567
733049056
437182116
250281961
136339873
70406844
33674122
15185720
6056222
2219979
694864
192555
41086
6808
741
43
1
