Coxeter group: D11
Modulus: 2
Remainder: 1
Total: 40874803200

[1, 42, 666, 5298, 28173, 117450, 377396, 1078816, 2508039, 5799616, 11430330, 22709030, 39189170, 68627668, 106463074, 174729348, 241531154, 359823594, 466227306, 644885700, 790344303, 1029811516, 1191700892, 1471164666, 1625875773, 1915470794, 2023317186, 2272038982, 2298968443, 2473622280, 2399109788, 2473622280, 2298968443, 2272038982, 2023317186, 1915470794, 1625875773, 1471164666, 1191700892, 1029811516, 790344303, 644885700, 466227306, 359823594, 241531154, 174729348, 106463074, 68627668, 39189170, 22709030, 11430330, 5799616, 2508039, 1078816, 377396, 117450, 28173, 5298, 666, 42, 1]

1
42
666
5298
28173
117450
377396
1078816
2508039
5799616
11430330
22709030
39189170
68627668
106463074
174729348
241531154
359823594
466227306
644885700
790344303
1029811516
1191700892
1471164666
1625875773
1915470794
2023317186
2272038982
2298968443
2473622280
2399109788
2473622280
2298968443
2272038982
2023317186
1915470794
1625875773
1471164666
1191700892
1029811516
790344303
644885700
466227306
359823594
241531154
174729348
106463074
68627668
39189170
22709030
11430330
5799616
2508039
1078816
377396
117450
28173
5298
666
42
1
