Coxeter group: B11
Modulus: 2
Remainder: 1
Total: 81749606400

[1, 39, 595, 4742, 25370, 105917, 343916, 979647, 2412310, 5507618, 11280994, 21948426, 39625066, 67687378, 110401197, 173891138, 259601699, 371402934, 519410946, 700464769, 921037889, 1178000417, 1469348150, 1795738163, 2145025771, 2508502668, 2872724617, 3234119236, 3566303924, 3863247696, 4111328824, 4293442935, 4408530331, 4444715754, 4408530331, 4293442935, 4111328824, 3863247696, 3566303924, 3234119236, 2872724617, 2508502668, 2145025771, 1795738163, 1469348150, 1178000417, 921037889, 700464769, 519410946, 371402934, 259601699, 173891138, 110401197, 67687378, 39625066, 21948426, 11280994, 5507618, 2412310, 979647, 343916, 105917, 25370, 4742, 595, 39, 1]

1
39
595
4742
25370
105917
343916
979647
2412310
5507618
11280994
21948426
39625066
67687378
110401197
173891138
259601699
371402934
519410946
700464769
921037889
1178000417
1469348150
1795738163
2145025771
2508502668
2872724617
3234119236
3566303924
3863247696
4111328824
4293442935
4408530331
4444715754
4408530331
4293442935
4111328824
3863247696
3566303924
3234119236
2872724617
2508502668
2145025771
1795738163
1469348150
1178000417
921037889
700464769
519410946
371402934
259601699
173891138
110401197
67687378
39625066
21948426
11280994
5507618
2412310
979647
343916
105917
25370
4742
595
39
1
