Coxeter group: A11
Modulus: 2
Remainder: 1
Total: 479001600

[1, 40, 623, 4968, 25579, 102584, 302591, 817040, 1779709, 3727112, 6383306, 10999144, 15876597, 23094400, 28960385, 37367608, 40981666, 46229504, 45695886, 46229504, 40981666, 37367608, 28960385, 23094400, 15876597, 10999144, 6383306, 3727112, 1779709, 817040, 302591, 102584, 25579, 4968, 623, 40, 1]

1
40
623
4968
25579
102584
302591
817040
1779709
3727112
6383306
10999144
15876597
23094400
28960385
37367608
40981666
46229504
45695886
46229504
40981666
37367608
28960385
23094400
15876597
10999144
6383306
3727112
1779709
817040
302591
102584
25579
4968
623
40
1
