Coxeter group: A12
Modulus: 3
Remainder: 2
Total: 6227020800

[1145, 35622, 363890, 2010319, 8355544, 24898419, 61955912, 127988509, 228518151, 360730840, 509915216, 648060956, 748111262, 785129230, 748111262, 648060956, 509915216, 360730840, 228518151, 127988509, 61955912, 24898419, 8355544, 2010319, 363890, 35622, 1145]

1145
35622
363890
2010319
8355544
24898419
61955912
127988509
228518151
360730840
509915216
648060956
748111262
785129230
748111262
648060956
509915216
360730840
228518151
127988509
61955912
24898419
8355544
2010319
363890
35622
1145
