Coxeter group: B9
Modulus: 3
Remainder: 1
Total: 185794560

[1, 100, 3122, 17329, 82734, 249589, 664890, 1395170, 2635386, 4396149, 6977630, 9942712, 13050485, 15945407, 18123449, 19413127, 19413127, 18123449, 15945407, 13050485, 9942712, 6977630, 4396149, 2635386, 1395170, 664890, 249589, 82734, 17329, 3122, 100, 1]

1
100
3122
17329
82734
249589
664890
1395170
2635386
4396149
6977630
9942712
13050485
15945407
18123449
19413127
19413127
18123449
15945407
13050485
9942712
6977630
4396149
2635386
1395170
664890
249589
82734
17329
3122
100
1
