Coxeter group: D10
Modulus: 2
Remainder: 1
Total: 1857945600

[1, 38, 524, 3506, 16891, 56632, 177492, 444948, 969675, 1921582, 3722137, 6004440, 9881508, 14576416, 21446815, 29859470, 39762140, 51028466, 63595343, 76383568, 89380382, 101536232, 111199760, 119505284, 124333732, 126331636, 124333732, 119505284, 111199760, 101536232, 89380382, 76383568, 63595343, 51028466, 39762140, 29859470, 21446815, 14576416, 9881508, 6004440, 3722137, 1921582, 969675, 444948, 177492, 56632, 16891, 3506, 524, 38, 1]

1
38
524
3506
16891
56632
177492
444948
969675
1921582
3722137
6004440
9881508
14576416
21446815
29859470
39762140
51028466
63595343
76383568
89380382
101536232
111199760
119505284
124333732
126331636
124333732
119505284
111199760
101536232
89380382
76383568
63595343
51028466
39762140
29859470
21446815
14576416
9881508
6004440
3722137
1921582
969675
444948
177492
56632
16891
3506
524
38
1
