Coxeter group: D10
Modulus: 3
Remainder: 2
Total: 1857945600

[244, 8240, 89203, 396569, 1382644, 3673669, 8767066, 17924703, 32427174, 54397688, 81807363, 113557727, 145762068, 173953483, 193786510, 202076898, 193786510, 173953483, 145762068, 113557727, 81807363, 54397688, 32427174, 17924703, 8767066, 3673669, 1382644, 396569, 89203, 8240, 244]

244
8240
89203
396569
1382644
3673669
8767066
17924703
32427174
54397688
81807363
113557727
145762068
173953483
193786510
202076898
193786510
173953483
145762068
113557727
81807363
54397688
32427174
17924703
8767066
3673669
1382644
396569
89203
8240
244
