Coxeter group: D13
Modulus: 2
Remainder: 1
Total: 25505877196800

[1, 50, 998, 10530, 71101, 370380, 1459150, 5227488, 15125847, 41737086, 96211952, 222277198, 447082988, 903047934, 1630481220, 2999805582, 4987990864, 8435015054, 13068289248, 20574783398, 29988654625, 44988113260, 61541603950, 87172603048, 113918587786, 153726060544, 193127091248, 250355683704, 302455195252, 377305743124, 440855483970, 531872188352, 602039930732, 703844574992, 772903634954, 876451814376, 936006630821, 1031443331674, 1071509672510, 1148826793350, 1161235260031, 1211617942076, 1192646031904, 1211617942076, 1161235260031, 1148826793350, 1071509672510, 1031443331674, 936006630821, 876451814376, 772903634954, 703844574992, 602039930732, 531872188352, 440855483970, 377305743124, 302455195252, 250355683704, 193127091248, 153726060544, 113918587786, 87172603048, 61541603950, 44988113260, 29988654625, 20574783398, 13068289248, 8435015054, 4987990864, 2999805582, 1630481220, 903047934, 447082988, 222277198, 96211952, 41737086, 15125847, 5227488, 1459150, 370380, 71101, 10530, 998, 50, 1]

1
50
998
10530
71101
370380
1459150
5227488
15125847
41737086
96211952
222277198
447082988
903047934
1630481220
2999805582
4987990864
8435015054
13068289248
20574783398
29988654625
44988113260
61541603950
87172603048
113918587786
153726060544
193127091248
250355683704
302455195252
377305743124
440855483970
531872188352
602039930732
703844574992
772903634954
876451814376
936006630821
1031443331674
1071509672510
1148826793350
1161235260031
1211617942076
1192646031904
1211617942076
1161235260031
1148826793350
1071509672510
1031443331674
936006630821
876451814376
772903634954
703844574992
602039930732
531872188352
440855483970
377305743124
302455195252
250355683704
193127091248
153726060544
113918587786
87172603048
61541603950
44988113260
29988654625
20574783398
13068289248
8435015054
4987990864
2999805582
1630481220
903047934
447082988
222277198
96211952
41737086
15125847
5227488
1459150
370380
71101
10530
998
50
1
