Coxeter group: B10
Modulus: 2
Remainder: 1
Total: 3715891200

[1, 35, 465, 3156, 15018, 53735, 160560, 410651, 905126, 1823644, 3440736, 6052617, 9973305, 15602907, 23281437, 33719508, 46357542, 61168114, 79108275, 98758261, 119860063, 141245583, 162653469, 183178248, 200648380, 214964837, 224414283, 230145644, 230145644, 224414283, 214964837, 200648380, 183178248, 162653469, 141245583, 119860063, 98758261, 79108275, 61168114, 46357542, 33719508, 23281437, 15602907, 9973305, 6052617, 3440736, 1823644, 905126, 410651, 160560, 53735, 15018, 3156, 465, 35, 1]

1
35
465
3156
15018
53735
160560
410651
905126
1823644
3440736
6052617
9973305
15602907
23281437
33719508
46357542
61168114
79108275
98758261
119860063
141245583
162653469
183178248
200648380
214964837
224414283
230145644
230145644
224414283
214964837
200648380
183178248
162653469
141245583
119860063
98758261
79108275
61168114
46357542
33719508
23281437
15602907
9973305
6052617
3440736
1823644
905126
410651
160560
53735
15018
3156
465
35
1
