Coxeter group: B10
Modulus: 3
Remainder: 1
Total: 3715891200

[1, 113, 4242, 35838, 224532, 772421, 2362514, 5735701, 12296626, 23403502, 41531897, 66641474, 99176445, 138310466, 181315500, 226413883, 268362695, 302061946, 323698348, 331194912, 323698348, 302061946, 268362695, 226413883, 181315500, 138310466, 99176445, 66641474, 41531897, 23403502, 12296626, 5735701, 2362514, 772421, 224532, 35838, 4242, 113, 1]

1
113
4242
35838
224532
772421
2362514
5735701
12296626
23403502
41531897
66641474
99176445
138310466
181315500
226413883
268362695
302061946
323698348
331194912
323698348
302061946
268362695
226413883
181315500
138310466
99176445
66641474
41531897
23403502
12296626
5735701
2362514
772421
224532
35838
4242
113
1
