Coxeter group: A12
Modulus: 3
Remainder: 1
Total: 6227020800

[1, 126, 5264, 71979, 536350, 2353010, 8258521, 23681728, 57073451, 118210113, 216769276, 351093447, 506479874, 657393039, 767681103, 807806236, 767681103, 657393039, 506479874, 351093447, 216769276, 118210113, 57073451, 23681728, 8258521, 2353010, 536350, 71979, 5264, 126, 1]

1
126
5264
71979
536350
2353010
8258521
23681728
57073451
118210113
216769276
351093447
506479874
657393039
767681103
807806236
767681103
657393039
506479874
351093447
216769276
118210113
57073451
23681728
8258521
2353010
536350
71979
5264
126
1
