Coxeter group: D12
Modulus: 2
Remainder: 1
Total: 980995276800

[1, 46, 824, 7618, 45623, 216180, 747912, 2438384, 6393851, 16687922, 35150160, 77412698, 141363447, 269572132, 442945492, 779814440, 1157840917, 1856174318, 2586513192, 3859875466, 5100781106, 7238006402, 9046724872, 12160828342, 14575957349, 18728399280, 21568733092, 26616611180, 29468922905, 34956315990, 37400908184, 42817116854, 44252468746, 48926832510, 48888174768, 52250925438, 50533461518, 52250925438, 48888174768, 48926832510, 44252468746, 42817116854, 37400908184, 34956315990, 29468922905, 26616611180, 21568733092, 18728399280, 14575957349, 12160828342, 9046724872, 7238006402, 5100781106, 3859875466, 2586513192, 1856174318, 1157840917, 779814440, 442945492, 269572132, 141363447, 77412698, 35150160, 16687922, 6393851, 2438384, 747912, 216180, 45623, 7618, 824, 46, 1]

1
46
824
7618
45623
216180
747912
2438384
6393851
16687922
35150160
77412698
141363447
269572132
442945492
779814440
1157840917
1856174318
2586513192
3859875466
5100781106
7238006402
9046724872
12160828342
14575957349
18728399280
21568733092
26616611180
29468922905
34956315990
37400908184
42817116854
44252468746
48926832510
48888174768
52250925438
50533461518
52250925438
48888174768
48926832510
44252468746
42817116854
37400908184
34956315990
29468922905
26616611180
21568733092
18728399280
14575957349
12160828342
9046724872
7238006402
5100781106
3859875466
2586513192
1856174318
1157840917
779814440
442945492
269572132
141363447
77412698
35150160
16687922
6393851
2438384
747912
216180
45623
7618
824
46
1
